76561198038992692
76561198299058689
76561198310104397
76561199001972712
76561198153121298
76561198188487573
76561199048658985
76561198855493641
76561198265093414
76561198850835644
76561199070815620
76561198056306606
76561198264323015
76561198081351906
76561198111562276
76561198977083756
76561198827648455
76561198453095573
76561198266658125
76561199037647968
76561198152593206
76561199306228151
76561198041012874
76561198344002831
76561197975858699
76561197986777221
76561199041512654
76561198980634826
76561198079777679
76561198285609628
76561197984509042
76561198353514502
76561198403857838
76561198071499030
76561198267571412
76561197965719794
76561198076249806
76561198380264861
76561198814201420
76561198029331652
76561198849273934
76561198171743634
76561198857643129
76561198027160130
76561198256711538
76561198130647230
76561198072404096
76561198143765897
76561198418539376
76561197994424070
76561198138534586
76561198841057346
76561198094842467
76561198992447801
76561198126346433
76561198983456846
76561198175662275
76561198125182727
76561197965085124
76561198066570710
76561198429849614
76561198028976911
76561198038186919
76561198079283200
76561198273878090
76561198419151882
76561198214682295
76561199091765915
76561198101062832
76561199084088903
76561198165577177
76561199086180115
76561198240213198
76561198068680185
76561198397921878
76561198888572035
76561199106560133
76561198974791660
76561198511281352
